#vCPUs  Memory  Disk    Name
1	512	20	1C-512M-20G
1	512	40	1C-512M-40G
1	1024	20	1C-1G-20G
1	1024	40	1C-1G-40G
1	1024	60	1C-1G-60G
1	2048	20	1C-2G-20G
1	2048	40	1C-2G-40G
1	2048	60	1C-2G-60G
2	2048	20	2C-2G-20G
2	2048	40	2C-2G-40G
2	2048	60	2C-2G-60G
2	2048	80	2C-2G-80G
2	4096	20	2C-4G-20G
2	4096	40	2C-4G-40G
2	4096	60	2C-4G-60G
2	4096	80	2C-4G-80G
4	2048	20	4C-2G-20G
4	2048	40	4C-2G-40G
4	2048	60	4C-2G-60G
4	2048	80	4C-2G-80G
4	4096	20	4C-4G-20G
4	4096	40	4C-4G-40G
4	4096	60	4C-4G-60G
4	4096	80	4C-4G-80G
4	4096	100	4C-4G-100G
4	8192	40	4C-8G-40G
4	8192	60	4C-8G-60G
4	8192	80	4C-8G-80G
4	8192	100	4C-8G-100G
4	16384	40	4C-16G-40G
4	16384	60	4C-16G-60G
4	16384	80	4C-16G-80G
4	16384	100	4C-16G-100G
4	16384	200	4C-16G-200G
4	16384	500	4C-16G-500G
8	4096	40	8C-4G-40G
8	4096	60	8C-4G-60G
8	4096	80	8C-4G-80G
8	4096	100	8C-4G-100G
8	8192	40	8C-8G-40G
8	8192	60	8C-8G-60G
8	8192	80	8C-8G-80G
8	8192	100	8C-8G-100G
8	8192	200	8C-8G-200G
8	8192	500	8C-8G-500G
8	16384	40	8C-16G-40G
8	16384	60	8C-16G-60G
8	16384	80	8C-16G-80G
8	16384	100	8C-16G-100G
8	16384	200	8C-16G-200G
8	16384	500	8C-16G-500G
8	32768	20	8C-32G-20G
8	32768	40	8C-32G-40G
8	32768	60	8C-32G-60G
8	32768	80	8C-32G-80G
8	32768	100	8C-32G-100G
8	32768	200	8C-32G-200G
8	32768	500	8C-32G-500G
12	8192	40	12C-8G-40G
12	8192	60	12C-8G-60G
12	8192	80	12C-8G-80G
12	8192	100	12C-8G-100G
12	8192	200	12C-8G-200G
12	8192	500	12C-8G-500G
12	16384	60	12C-16G-60G
12	16384	80	12C-16G-80G
12	16384	100	12C-16G-100G
12	16384	200	12C-16G-200G
12	16384	500	12C-16G-500G
12	32768	60	12C-32G-60G
12	32768	80	12C-32G-80G
12	32768	100	12C-32G-100G
12	32768	200	12C-32G-200G
12	32768	500	12C-32G-500G
16	8192	60	16C-8G-60G
16	8192	80	16C-8G-80G
16	8192	100	16C-8G-100G
16	8192	200	16C-8G-200G
16	8192	500	16C-8G-500G
16	16384	60	16C-16G-60G
16	16384	80	16C-16G-80G
16	16384	100	16C-16G-100G
16	16384	200	16C-16G-200G
16	16384	500	16C-16G-500G
16	32768	60	16C-32G-60G
16	32768	80	16C-32G-80G
16	32768	100	16C-32G-100G
16	32768	200	16C-32G-200G
16	32768	500	16C-32G-500G
20	4096	60	20C-4G-60G
20	4096	80	20C-4G-80G
20	4096	100	20C-4G-100G
20	4096	200	20C-4G-200G
20	4096	500	20C-4G-500G
20	8192	60	20C-8G-60G
20	8192	80	20C-8G-80G
20	8192	100	20C-8G-100G
20	8192	200	20C-8G-200G
20	8192	500	20C-8G-500G
20	16384	60	20C-16G-60G
20	16384	80	20C-16G-80G
20	16384	100	20C-16G-100G
20	16384	200	20C-16G-200G
20	16384	500	20C-16G-500G
20	32768	60	20C-32G-60G
20	32768	80	20C-32G-80G
20	32768	100	20C-32G-100G
20	32768	200	20C-32G-200G
20	32768	500	20C-32G-500G
24	8192	60	24C-8G-60G
24	8192	80	24C-8G-80G
24	8192	100	24C-8G-100G
24	8192	200	24C-8G-200G
24	8192	500	24C-8G-500G
24	16384	60	24C-16G-60G
24	16384	80	24C-16G-80G
24	16384	100	24C-16G-100G
24	16384	200	24C-16G-200G
24	16384	500	24C-16G-500G
24	32768	60	24C-32G-60G
24	32768	80	24C-32G-80G
24	32768	100	24C-32G-100G
24	32768	200	24C-32G-200G
24	32768	500	24C-32G-500G
28	8192	60	28C-8G-60G
28	8192	80	28C-8G-80G
28	8192	100	28C-8G-100G
28	8192	200	28C-8G-200G
28	8192	500	28C-8G-500G
28	16384	60	28C-16G-60G
28	16384	80	28C-16G-80G
28	16384	100	28C-16G-100G
28	16384	200	28C-16G-200G
28	16384	500	28C-16G-500G
28	32768	60	28C-32G-60G
28	32768	80	28C-32G-80G
28	32768	100	28C-32G-100G
28	32768	200	28C-32G-200G
28	32768	500	28C-32G-500G
32	16384	80	32C-16G-80G
32	16384	100	32C-16G-100G
32	16384	200	32C-16G-200G
32	16384	500	32C-16G-500G
32	32768	80	32C-32G-80G
32	32768	100	32C-32G-100G
32	32768	200	32C-32G-200G
32	32768	500	32C-32G-500G
